subj	 trial	 stim	 probearray	
ca1 1 tserre.jpg 25 60 90 110 160 185 210 230 295 320 385 395
ca1 2 sloth.jpg 55 65 80 135 295 305 310 325 340 365 400 420 425 435
ca1 3 logo.jpg 70 430
ca1 4 tserre_blur1.jpg 25 55 90 120 160 195 210 230 295 320 340 385 400 400
ca1 5 sloth_blur1.jpg 55 65 80 135 290 300 310 330 340 365 400 420 425 435
ca1 6 logo_blur1.jpg 70 430
ca1 7 tserre_blur2.jpg 20 55 90 110 165 190 210 230 295 320 335 360 380 400
ca1 8 sloth_blur2.jpg 55 65 80 135 295 300 310 325 340 365 400 425 435
ca1 9 logo_blur2.jpg 70 430
